<?xml version="1.0" encoding="UTF-8"?>
<document version="1.3.0">
  <chunk>
    <sensors>
      <sensor id="0" label="FLIR E6" type="frame">
        <resolution width="640" height="480"/>
        <property name="fixed" value="false"/>
        <calibration type="frame" class="adjusted">
          <resolution width="640" height="480"/>
          <fx>625.99749260313695</fx>
          <fy>626.09917698690754</fy>
          <cx>319.88248387927047</cx>
          <cy>236.29771601585554</cy>
          <skew>-0.0045531653680637076</skew>
          <k1>-0.11814116911821751</k1>
          <k2>0.41411538413422583</k2>
          <k3>-0.55810498828580868</k3>
          <p1>-0.00023576176578910164</p1>
          <p2>-0.0041626819639118138</p2>
        </calibration>
      </sensor>
    </sensors>
    <cameras>
      <camera id="0" label="FLIR0002.jpg" sensor_id="0" enabled="true">
        <transform>-7.0368650172127345e-002 -1.7422990236566460e-001 -9.8218745369435678e-001 8.6607479124738376e+000 3.3634044612990951e-002 -9.8448284991877355e-001 1.7222737662398813e-001 -8.4983130436860665e-001 -9.9695386258137575e-001 -2.0915528620159288e-002 7.5136785575477538e-002 -8.7620565600443463e+000 0.0000000000000000e+000 0.0000000000000000e+000 0.0000000000000000e+000 1.0000000000000000e+000</transform>
        <orientation>1</orientation>
      </camera>
      <camera id="1" label="FLIR0004.jpg" sensor_id="0" enabled="true">
        <transform>1.0205633717713214e-002 -1.6661773028291016e-001 -9.8596875051686672e-001 8.6446738727464183e+000 1.5033919587136818e-002 -9.8588308694688520e-001 1.6675886823173125e-001 -8.6147283471349478e-001 -9.9983489952204974e-001 -1.6524854839053763e-002 -7.5566441150037855e-003 -8.9950061473541272e+000 0.0000000000000000e+000 0.0000000000000000e+000 0.0000000000000000e+000 1.0000000000000000e+000</transform>
        <orientation>1</orientation>
      </camera>
      <camera id="2" label="FLIR0006.jpg" sensor_id="0" enabled="true">
        <transform>-2.7968590988975861e-002 -1.6333936092501861e-001 -9.8617341836550121e-001 8.6029273428554127e+000 2.9711023060609021e-003 -9.8656858388390734e-001 1.6332054936347878e-001 -8.3132624577262026e-001 -9.9960438697975829e-001 1.6378235277602765e-003 2.8078231157137035e-002 -9.3015013585298156e+000 0.0000000000000000e+000 0.0000000000000000e+000 0.0000000000000000e+000 1.0000000000000000e+000</transform>
        <orientation>1</orientation>
      </camera>
      <camera id="3" label="FLIR0008.jpg" sensor_id="0" enabled="true">
        <transform>-7.2796603195647069e-002 -1.6626892088048822e-001 -9.8338969921004016e-001 8.4879434147331025e+000 4.4865203260145009e-003 -9.8605037904065018e-001 1.6638666151213699e-001 -8.0918761277025153e-001 -9.9733671630926102e-001 7.7003859012483161e-003 7.2527087067053908e-002 -9.7666200721729819e+000 0.0000000000000000e+000 0.0000000000000000e+000 0.0000000000000000e+000 1.0000000000000000e+000</transform>
        <orientation>1</orientation>
      </camera>
      <camera id="4" label="FLIR0010.jpg" sensor_id="0" enabled="true">
        <transform>-1.0773207194174628e-001 -1.5198025852538513e-001 -9.8249468278138563e-001 8.4115201863209368e+000 2.1674362391432805e-002 -9.8837047480096274e-001 1.5051254617687010e-001 -8.0729128074905465e-001 -9.9394367178933396e-001 -5.0799173493975974e-003 1.0977327429597805e-001 -1.0116211777573730e+001 0.0000000000000000e+000 0.0000000000000000e+000 0.0000000000000000e+000 1.0000000000000000e+000</transform>
        <orientation>1</orientation>
      </camera>
      <camera id="5" label="FLIR0012.jpg" sensor_id="0" enabled="true">
        <transform>-6.6031690014748623e-002 -1.4340793699020649e-001 -9.8745834318314885e-001 8.1486447819226910e+000 5.2726349018627564e-002 -9.8873704297223752e-001 1.4006781205431063e-001 -7.9093356232926371e-001 -9.9642347826261213e-001 -4.2816158897416093e-002 7.2849354865429206e-002 -1.0265056308090212e+001 0.0000000000000000e+000 0.0000000000000000e+000 0.0000000000000000e+000 1.0000000000000000e+000</transform>
        <orientation>1</orientation>
      </camera>
      <camera id="6" label="FLIR0014.jpg" sensor_id="0" enabled="true">
        <transform>-2.5659836274836934e-001 -1.7826448924938948e-001 -9.4993634108160641e-001 7.9542750272094844e+000 4.8305026172938914e-002 -9.8398086250826333e-001 1.7160503099829499e-001 -7.7342797614509939e-001 -9.6531026342895965e-001 -1.8531298250272221e-003 2.6109894911424536e-001 -1.0842928366602159e+001 0.0000000000000000e+000 0.0000000000000000e+000 0.0000000000000000e+000 1.0000000000000000e+000</transform>
        <orientation>1</orientation>
      </camera>
      <camera id="7" label="FLIR0016.jpg" sensor_id="0" enabled="true">
        <transform>-7.7866989021982524e-002 -1.5087103767640178e-001 -9.8548194403098843e-001 7.8890095770541775e+000 2.8474090855425328e-002 -9.8841652536507263e-001 1.4907044822899587e-001 -7.6880989259967669e-001 -9.9655705214032142e-001 -1.6453035454970316e-002 8.1260934363998172e-002 -1.1066299948325108e+001 0.0000000000000000e+000 0.0000000000000000e+000 0.0000000000000000e+000 1.0000000000000000e+000</transform>
        <orientation>1</orientation>
      </camera>
      <camera id="8" label="FLIR0018.jpg" sensor_id="0" enabled="true">
        <transform>-1.7165402754751535e-002 -1.5781905186024353e-001 -9.8731884202531095e-001 7.8181715328411965e+000 2.4639386181389958e-002 -9.8723122153750942e-001 1.5737666876052894e-001 -7.6394413302656983e-001 -9.9954902310835725e-001 -2.1625496329348765e-002 2.0834786095322411e-002 -1.1326431994404459e+001 0.0000000000000000e+000 0.0000000000000000e+000 0.0000000000000000e+000 1.0000000000000000e+000</transform>
        <orientation>1</orientation>
      </camera>
      <camera id="9" label="FLIR0020.jpg" sensor_id="0" enabled="true">
        <transform>-3.8247765745203166e-002 -1.5509265064732553e-001 -9.8715924659129173e-001 7.7825712483874367e+000 1.8453315242840704e-002 -9.8782325773482127e-001 1.5448199453241523e-001 -7.5672134382533562e-001 -9.9909788488017948e-001 -1.2307769633506660e-002 4.0644006133747967e-002 -1.1593049174514606e+001 0.0000000000000000e+000 0.0000000000000000e+000 0.0000000000000000e+000 1.0000000000000000e+000</transform>
        <orientation>1</orientation>
      </camera>
      <camera id="10" label="FLIR0022.jpg" sensor_id="0" enabled="true">
        <transform>-5.6338095311054159e-002 -1.6974626518701302e-001 -9.8387612252345202e-001 7.6958125991365147e+000 3.8402190984586873e-002 -9.8508045529821242e-001 1.6775508432548297e-001 -7.4195534038888133e-001 -9.9767293776282506e-001 -2.8331996832677425e-002 6.2016185074279195e-002 -1.1962465474103785e+001 0.0000000000000000e+000 0.0000000000000000e+000 0.0000000000000000e+000 1.0000000000000000e+000</transform>
        <orientation>1</orientation>
      </camera>
      <camera id="11" label="FLIR0024.jpg" sensor_id="0" enabled="true">
        <transform>-3.3927618793016423e-002 -1.4978745942334637e-001 -9.8813593886799556e-001 7.6154283447684827e+000 3.3358380597511048e-002 -9.8832397024437979e-001 1.4867060329566767e-001 -7.4306103291036341e-001 -9.9886742620176938e-001 -2.7918575176494334e-002 3.8528145986630014e-002 -1.2391790838307134e+001 0.0000000000000000e+000 0.0000000000000000e+000 0.0000000000000000e+000 1.0000000000000000e+000</transform>
        <orientation>1</orientation>
      </camera>
      <camera id="12" label="FLIR0026.jpg" sensor_id="0" enabled="true">
        <transform>-4.6340317343621762e-002 -1.3334764788486977e-001 -9.8998534322083043e-001 7.5789789518497681e+000 5.1979507169029139e-002 -9.9002927540031016e-001 1.3092045174380351e-001 -7.3738594763091381e-001 -9.9757240630590693e-001 -4.5392054964602753e-002 5.2809615820731071e-002 -1.2805858896231534e+001 0.0000000000000000e+000 0.0000000000000000e+000 0.0000000000000000e+000 1.0000000000000000e+000</transform>
        <orientation>1</orientation>
      </camera>
      <camera id="13" label="FLIR0028.jpg" sensor_id="0" enabled="true">
        <transform>3.8743711898597377e-002 -1.6122466036844352e-001 -9.8615695184762486e-001 7.5248725888857182e+000 2.8452335064144921e-002 -9.8631979495519773e-001 1.6236910638706645e-001 -7.2767436689927079e-001 -9.9884402657157445e-001 -3.4349249898897677e-002 -3.3626471918221879e-002 -1.3157663037521775e+001 0.0000000000000000e+000 0.0000000000000000e+000 0.0000000000000000e+000 1.0000000000000000e+000</transform>
        <orientation>1</orientation>
      </camera>
      <camera id="14" label="FLIR0030.jpg" sensor_id="0" enabled="true">
        <transform>-1.3306471113200269e-003 -1.6784180747774036e-001 -9.8581304365527145e-001 7.3953083527592920e+000 2.7129402900201646e-002 -9.8545712629103255e-001 1.6774459079355836e-001 -7.0255944608426535e-001 -9.9963104437414474e-001 -2.6521310390418953e-002 5.8647436969904154e-003 -1.3740110710988670e+001 0.0000000000000000e+000 0.0000000000000000e+000 0.0000000000000000e+000 1.0000000000000000e+000</transform>
        <orientation>1</orientation>
      </camera>
      <camera id="15" label="FLIR0032.jpg" sensor_id="0" enabled="true">
        <transform>-2.2611760242674084e-002 -1.7604121889501761e-001 -9.8412306016508111e-001 7.2224147510019039e+000 4.2832481488662297e-002 -9.8364147553134373e-001 1.7497092942556042e-001 -7.0337471044516864e-001 -9.9882635469247150e-001 -3.8196032051477938e-002 2.9782147459026964e-002 -1.4201350425756189e+001 0.0000000000000000e+000 0.0000000000000000e+000 0.0000000000000000e+000 1.0000000000000000e+000</transform>
        <orientation>1</orientation>
      </camera>
      <camera id="16" label="FLIR0034.jpg" sensor_id="0" enabled="true">
        <transform>-8.1654097562317340e-002 -1.7920701943316053e-001 -9.8041697891109891e-001 6.9771657997026066e+000 4.8620267330260925e-002 -9.8324685849739080e-001 1.7567494089865468e-001 -6.7420902986964426e-001 -9.9547409707938528e-001 -3.3323556846391350e-002 8.8999228103887496e-002 -1.4738704539457739e+001 0.0000000000000000e+000 0.0000000000000000e+000 0.0000000000000000e+000 1.0000000000000000e+000</transform>
        <orientation>1</orientation>
      </camera>
      <camera id="17" label="FLIR0036.jpg" sensor_id="0" enabled="true">
        <transform>6.8004969616031197e-004 -2.9450425880670106e-001 -9.5564992496056134e-001 6.8989718458763010e+000 2.2709002031031489e-002 -9.5539915213925597e-001 2.9444313766556929e-001 -5.0298928180261970e-001 -9.9974188606818182e-001 -2.1902092053190408e-002 6.0381789082646353e-003 -1.4694806838565594e+001 0.0000000000000000e+000 0.0000000000000000e+000 0.0000000000000000e+000 1.0000000000000000e+000</transform>
        <orientation>1</orientation>
      </camera>
      <camera id="18" label="FLIR0038.jpg" sensor_id="0" enabled="true">
        <transform>-1.5326603906339986e-001 -2.3998070578303382e-001 -9.5860251518640049e-001 6.9878642259877584e+000 -7.5979565974579333e-004 -9.7003495048976596e-001 2.4296423098652359e-001 -5.4080028675614700e-001 -9.8818467099038310e-001 3.7966507347849468e-002 1.4849107831595088e-001 -1.4349741873064220e+001 0.0000000000000000e+000 0.0000000000000000e+000 0.0000000000000000e+000 1.0000000000000000e+000</transform>
        <orientation>1</orientation>
      </camera>
      <camera id="19" label="FLIR0040.jpg" sensor_id="0" enabled="true">
        <transform>-1.9023522860552766e-001 -2.6759520000153980e-001 -9.4456517336472789e-001 7.0430760206065601e+000 5.0993438528655566e-002 -9.6352973020245514e-001 2.6269778880494654e-001 -5.5692424845688338e-001 -9.8041329398597343e-001 1.8077478031924554e-003 1.9694289787512798e-001 -1.3978082065564562e+001 0.0000000000000000e+000 0.0000000000000000e+000 0.0000000000000000e+000 1.0000000000000000e+000</transform>
        <orientation>1</orientation>
      </camera>
      <camera id="20" label="FLIR0042.jpg" sensor_id="0" enabled="true">
        <transform>-2.0178854839811800e-001 -2.6562653985552476e-001 -9.4272155118028444e-001 7.0027684089311997e+000 3.6673512980883727e-002 -9.6389564657387194e-001 2.6374274579896667e-001 -5.5112665360477242e-001 -9.7874227209261844e-001 1.8647354780738243e-002 2.0424456168686544e-001 -1.4007896271041337e+001 0.0000000000000000e+000 0.0000000000000000e+000 0.0000000000000000e+000 1.0000000000000000e+000</transform>
        <orientation>1</orientation>
      </camera>
      <camera id="21" label="FLIR0044.jpg" sensor_id="0" enabled="true">
        <transform>-2.7274193111598832e-001 -2.2389603622930293e-001 -9.3567216693237620e-001 7.1386736344043085e+000 4.5618646093269266e-002 -9.7445971997047753e-001 2.1987995198215668e-001 -5.7558394052207384e-001 -9.6100508746818769e-001 1.7286385274693811e-002 2.7598985985792412e-001 -1.3502198869669629e+001 0.0000000000000000e+000 0.0000000000000000e+000 0.0000000000000000e+000 1.0000000000000000e+000</transform>
        <orientation>1</orientation>
      </camera>
      <camera id="22" label="FLIR0046.jpg" sensor_id="0" enabled="true">
        <transform>-2.3253695213213865e-001 -2.1683920572092549e-001 -9.4810723273025033e-001 7.2937009725201047e+000 4.6501330064189467e-002 -9.7619360931597343e-001 2.1185764898373094e-001 -5.9164882670078900e-001 -9.7147526586905764e-001 5.1764846151225313e-003 2.3708439807729298e-001 -1.3040093132472677e+001 0.0000000000000000e+000 0.0000000000000000e+000 0.0000000000000000e+000 1.0000000000000000e+000</transform>
        <orientation>1</orientation>
      </camera>
      <camera id="23" label="FLIR0048.jpg" sensor_id="0" enabled="true">
        <transform>-2.2795552811260122e-001 -2.3231379661933321e-001 -9.4555093839687765e-001 7.3852650531654342e+000 4.1473673089758176e-002 -9.7255434407910513e-001 2.2894973739514390e-001 -6.1108266690972857e-001 -9.7278785541522295e-001 1.2974887790365208e-002 2.3133404557798753e-001 -1.2499633796662705e+001 0.0000000000000000e+000 0.0000000000000000e+000 0.0000000000000000e+000 1.0000000000000000e+000</transform>
        <orientation>1</orientation>
      </camera>
      <camera id="24" label="FLIR0050.jpg" sensor_id="0" enabled="true">
        <transform>-1.7724377323832285e-001 -1.8971310330649266e-001 -9.6570885016244001e-001 7.4987170517755075e+000 4.8504962670396432e-002 -9.8173635638640366e-001 1.8395922142010618e-001 -6.3955470833702321e-001 -9.8297096266603190e-001 -1.4236045201116904e-002 1.8320868312513539e-001 -1.1822765306331632e+001 0.0000000000000000e+000 0.0000000000000000e+000 0.0000000000000000e+000 1.0000000000000000e+000</transform>
        <orientation>1</orientation>
      </camera>
      <camera id="25" label="FLIR0052.jpg" sensor_id="0" enabled="true">
        <transform>-1.1080008329378954e-001 -2.2212371947100773e-001 -9.6870242840123710e-001 7.7015685438218737e+000 3.1890152848035092e-002 -9.7499665531137603e-001 2.1991939496769905e-001 -6.4210691356220573e-001 -9.9333094167725289e-001 -6.5249812256374384e-003 1.1511326998477067e-001 -1.0916678952510271e+001 0.0000000000000000e+000 0.0000000000000000e+000 0.0000000000000000e+000 1.0000000000000000e+000</transform>
        <orientation>1</orientation>
      </camera>
      <camera id="26" label="FLIR0054.jpg" sensor_id="0" enabled="true">
        <transform>-1.4524586348540869e-001 -2.0688398612253289e-001 -9.6752398183529775e-001 7.8746551672030760e+000 1.0234088341872685e-002 -9.7815580398281010e-001 2.0762101668798644e-001 -7.1288203504945036e-001 -9.8934266185997888e-001 2.0254367943582194e-002 1.4419035336324415e-001 -1.0195447605815440e+001 0.0000000000000000e+000 0.0000000000000000e+000 0.0000000000000000e+000 1.0000000000000000e+000</transform>
        <orientation>1</orientation>
      </camera>
      <camera id="27" label="FLIR0056.jpg" sensor_id="0" enabled="true">
        <transform>-1.0327961389042606e-001 -2.0512681794873450e-001 -9.7327093345731430e-001 7.9645738637538210e+000 5.2796924653949917e-002 -9.7825472776902156e-001 2.0057460543309730e-001 -7.5734770293385001e-001 -9.9325012262860068e-001 -3.0670444336270419e-002 1.1186383572221281e-001 -9.5103213101570407e+000 0.0000000000000000e+000 0.0000000000000000e+000 0.0000000000000000e+000 1.0000000000000000e+000</transform>
        <orientation>1</orientation>
      </camera>
      <camera id="28" label="FLIR0058.jpg" sensor_id="0" enabled="true">
        <transform>-1.1155587156878777e-001 -2.2783549463728880e-001 -9.6728810336006443e-001 7.8688062995970443e+000 1.2906911263479939e-002 -9.7361376059270954e-001 2.2783690839317236e-001 -7.5853405744741553e-001 -9.9367434260937082e-001 1.2931843175050306e-002 1.1155298414623982e-001 -9.3864657619252210e+000 0.0000000000000000e+000 0.0000000000000000e+000 0.0000000000000000e+000 1.0000000000000000e+000</transform>
        <orientation>1</orientation>
      </camera>
      <camera id="29" label="FLIR0060.jpg" sensor_id="0" enabled="true">
        <transform>-1.3881416059524854e-001 3.2986953983842209e-002 -9.8976890721274113e-001 7.9004057108083101e+000 3.4397741266041011e-002 -9.9868140937104488e-001 -3.8108240217281500e-002 -8.0387324320726461e-001 -9.8972088197331187e-001 -3.9335778161000048e-002 1.3749644483562928e-001 -9.3749765402182632e+000 0.0000000000000000e+000 0.0000000000000000e+000 0.0000000000000000e+000 1.0000000000000000e+000</transform>
        <orientation>1</orientation>
      </camera>
      <camera id="30" label="FLIR0062.jpg" sensor_id="0" enabled="true">
        <transform>-2.8798817320708814e-001 -2.6762785391729396e-003 -9.5763022593589076e-001 7.9081752618301477e+000 3.0643011585578708e-002 -9.9950976199958452e-001 -6.4219551929356310e-003 -7.9843653980559870e-001 -9.5714357226792812e-001 -3.1194121252485156e-002 2.8792899969519425e-001 -9.3787042632671973e+000 0.0000000000000000e+000 0.0000000000000000e+000 0.0000000000000000e+000 1.0000000000000000e+000</transform>
        <orientation>1</orientation>
      </camera>
      <camera id="31" label="FLIR0064.jpg" sensor_id="0" enabled="true">
        <transform>-2.8780280737901143e-001 -1.6970271473798548e-001 -9.4253410159808948e-001 7.9224424023544424e+000 2.9820015118557128e-002 -9.8528559800309357e-001 1.6829455447522734e-001 -7.8160639224292938e-001 -9.5722531870144811e-001 2.0329264085159726e-002 2.8862849869454565e-001 -9.3785502860774415e+000 0.0000000000000000e+000 0.0000000000000000e+000 0.0000000000000000e+000 1.0000000000000000e+000</transform>
        <orientation>1</orientation>
      </camera>
      <camera id="32" label="FLIR0066.jpg" sensor_id="0" enabled="true">
        <transform>-3.0706771975796743e-001 -2.3778879852992729e-001 -9.2150198197092104e-001 7.9149088148567577e+000 2.3260844226205571e-002 -9.6986793750299560e-001 2.4251828163989972e-001 -7.6896884955802980e-001 -9.5140335747175409e-001 5.3034621686019218e-002 3.0334630423674847e-001 -9.3647424796636134e+000 0.0000000000000000e+000 0.0000000000000000e+000 0.0000000000000000e+000 1.0000000000000000e+000</transform>
        <orientation>1</orientation>
      </camera>
      <camera id="33" label="FLIR0068.jpg" sensor_id="0" enabled="true">
        <transform>5.4972675902827950e-003 -2.9661289967399921e-002 -9.9954489040088179e-001 7.7923816226560474e+000 4.1652493126078896e-002 -9.9868571590833455e-001 2.9864873296887827e-002 -7.9034152931343393e-001 -9.9911703511922101e-001 -4.1797711876692893e-002 -4.2545759424634788e-003 -9.6560041033918083e+000 0.0000000000000000e+000 0.0000000000000000e+000 0.0000000000000000e+000 1.0000000000000000e+000</transform>
        <orientation>1</orientation>
      </camera>
      <camera id="34" label="FLIR0070.jpg" sensor_id="0" enabled="true">
        <transform>1.6138257231246800e-001 -6.9108929172370104e-002 -9.8446920787928105e-001 7.7043972421550162e+000 8.6669640920950426e-003 -9.9740739131099565e-001 7.1437941541038052e-002 -7.8806524923650023e-001 -9.8685386409905551e-001 -2.0061198041063426e-002 -1.6036520584565706e-001 -9.9427510093829827e+000 0.0000000000000000e+000 0.0000000000000000e+000 0.0000000000000000e+000 1.0000000000000000e+000</transform>
        <orientation>1</orientation>
      </camera>
      <camera id="35" label="FLIR0072.jpg" sensor_id="0" enabled="true">
        <transform>2.7101119679426100e-001 -7.9065697438656712e-002 -9.5932348386802302e-001 7.5029546894681758e+000 1.9970784063258137e-002 -9.9594445866175696e-001 8.7725726242867980e-002 -7.6907521584437444e-001 -9.6236900355115396e-001 -4.2933096201866160e-002 -2.6833309571217689e-001 -1.0408614291875036e+001 0.0000000000000000e+000 0.0000000000000000e+000 0.0000000000000000e+000 1.0000000000000000e+000</transform>
        <orientation>1</orientation>
      </camera>
      <camera id="36" label="FLIR0074.jpg" sensor_id="0" enabled="true">
        <transform>2.0553091211703545e-001 -1.0148865971747760e-001 -9.7337407820071398e-001 7.4225592325809151e+000 2.6402862655496559e-002 -9.9367128309235464e-001 1.0917998901441919e-001 -7.5586838908475373e-001 -9.7829439996758361e-001 -4.8139724826215508e-002 -2.0155057401486554e-001 -1.0929833640443984e+001 0.0000000000000000e+000 0.0000000000000000e+000 0.0000000000000000e+000 1.0000000000000000e+000</transform>
        <orientation>1</orientation>
      </camera>
      <camera id="37" label="FLIR0076.jpg" sensor_id="0" enabled="true">
        <transform>2.2724292417840242e-001 -1.1097252846123454e-001 -9.6749457431955099e-001 7.3849028875102620e+000 1.3186213492081954e-002 -9.9304434106821404e-001 1.1700025831654341e-001 -7.4916071837566200e-001 -9.7374882653823513e-001 -3.9345070838888344e-002 -2.2419899245110986e-001 -1.1554213426577116e+001 0.0000000000000000e+000 0.0000000000000000e+000 0.0000000000000000e+000 1.0000000000000000e+000</transform>
        <orientation>1</orientation>
      </camera>
      <camera id="38" label="FLIR0078.jpg" sensor_id="0" enabled="true">
        <transform>1.9789921432190027e-001 -1.2153342076974138e-001 -9.7265899913935894e-001 7.2988063501801994e+000 2.7374548723363756e-002 -9.9121176854594795e-001 1.2942126555634578e-001 -7.3815753466335077e-001 -9.7984005585246747e-001 -5.2238467933305464e-002 -1.9283310767348605e-001 -1.2067863908903066e+001 0.0000000000000000e+000 0.0000000000000000e+000 0.0000000000000000e+000 1.0000000000000000e+000</transform>
        <orientation>1</orientation>
      </camera>
      <camera id="39" label="FLIR0080.jpg" sensor_id="0" enabled="true">
        <transform>2.0276253689879442e-001 -6.7213909973717609e-002 -9.7691844282745033e-001 7.2510314935404647e+000 2.7434471849012373e-002 -9.9685998290947309e-001 7.4280039230542300e-002 -7.3090748053526611e-001 -9.7884355409060697e-001 -4.1862450713857406e-002 -2.0028188094657751e-001 -1.2663997451486834e+001 0.0000000000000000e+000 0.0000000000000000e+000 0.0000000000000000e+000 1.0000000000000000e+000</transform>
        <orientation>1</orientation>
      </camera>
      <camera id="40" label="FLIR0082.jpg" sensor_id="0" enabled="true">
        <transform>8.9826971591254745e-002 -9.0612707006846149e-002 -9.9182682586408955e-001 7.2036486691061166e+000 3.4054915742429609e-002 -9.9499089861529133e-001 9.3986032933149777e-002 -7.1130455224933409e-001 -9.9537499360216974e-001 -4.2219059696143778e-002 -8.6291211081161556e-002 -1.3272178298570068e+001 0.0000000000000000e+000 0.0000000000000000e+000 0.0000000000000000e+000 1.0000000000000000e+000</transform>
        <orientation>1</orientation>
      </camera>
      <camera id="41" label="FLIR0084.jpg" sensor_id="0" enabled="true">
        <transform>3.0333942827349913e-002 -1.2030068408783087e-001 -9.9227395275727515e-001 6.8728744804967672e+000 -8.7689413651258971e-003 -9.9272461300536530e-001 1.2008725328144805e-001 -6.9075855224723237e-001 -9.9950135446625687e-001 5.0584722345373284e-003 -3.1168161299158448e-002 -1.4319984965167702e+001 0.0000000000000000e+000 0.0000000000000000e+000 0.0000000000000000e+000 1.0000000000000000e+000</transform>
        <orientation>1</orientation>
      </camera>
      <camera id="42" label="FLIR0086.jpg" sensor_id="0" enabled="true">
        <transform>6.4039100872774757e-003 -2.1252647675453012e-001 -9.7713432373133846e-001 6.5972145203561867e+000 4.0449634353886960e-003 -9.7714086076750928e-001 2.1255440830370353e-001 -6.6224959146062501e-001 -9.9997131369174797e-001 -5.3136519303879082e-003 -5.3978603874359488e-003 -1.4764184141213768e+001 0.0000000000000000e+000 0.0000000000000000e+000 0.0000000000000000e+000 1.0000000000000000e+000</transform>
        <orientation>1</orientation>
      </camera>
      <camera id="43" label="FLIR0088.jpg" sensor_id="0" enabled="true">
        <transform>3.4784663788168690e-002 -2.4534107079690393e-001 -9.6881256502244684e-001 5.6945990426763160e+000 1.5805135054145006e-002 -9.6914293644766247e-001 2.4599220808700872e-001 -5.6737379884250516e-001 -9.9926984587300760e-001 -2.3868969685148247e-002 -2.9833662448736975e-002 -1.4939705677039662e+001 0.0000000000000000e+000 0.0000000000000000e+000 0.0000000000000000e+000 1.0000000000000000e+000</transform>
        <orientation>1</orientation>
      </camera>
      <camera id="44" label="FLIR0090.jpg" sensor_id="0" enabled="true">
        <transform>-8.4734717731185127e-002 -2.4602991954101167e-001 -9.6555129656671268e-001 5.5976071997649894e+000 4.4242769537459467e-002 -9.6900966533194921e-001 2.4302848770652191e-001 -5.7571610661942774e-001 -9.9542081802354920e-001 -2.2125713184147300e-002 9.2993805500265592e-002 -1.4466228388237161e+001 0.0000000000000000e+000 0.0000000000000000e+000 0.0000000000000000e+000 1.0000000000000000e+000</transform>
        <orientation>1</orientation>
      </camera>
      <camera id="45" label="FLIR0092.jpg" sensor_id="0" enabled="true">
        <transform>-2.7627641330175379e-001 -2.1132342984560809e-001 -9.3755733235435101e-001 5.6393654660445920e+000 4.3618647979956501e-002 -9.7727840617533113e-001 2.0742307097284324e-001 -5.8631138660399107e-001 -9.6008789024834551e-001 1.6411118843420752e-002 2.7921661515172802e-001 -1.3967299133292846e+001 0.0000000000000000e+000 0.0000000000000000e+000 0.0000000000000000e+000 1.0000000000000000e+000</transform>
        <orientation>1</orientation>
      </camera>
      <camera id="46" label="FLIR0094.jpg" sensor_id="0" enabled="true">
        <transform>-5.6077144328144701e-001 -1.7545596599880348e-001 -8.0916660360859538e-001 5.5903409423352413e+000 7.2780432872349726e-002 -9.8395175244234412e-001 1.6291702629422589e-001 -4.0862202814047738e-001 -8.2476566186460287e-001 3.2467720293651928e-002 5.6454180549183186e-001 -1.3619705142527561e+001 0.0000000000000000e+000 0.0000000000000000e+000 0.0000000000000000e+000 1.0000000000000000e+000</transform>
        <orientation>1</orientation>
      </camera>
      <camera id="47" label="FLIR0096.jpg" sensor_id="0" enabled="true">
        <transform>-2.3972182201512826e-001 -1.9739968671066921e-001 -9.5056131403306976e-001 6.2000184047788931e+000 6.4099078493579334e-002 -9.8019236454121539e-001 1.8738793085835331e-001 -6.7233784621010895e-001 -9.6872326088827898e-001 -1.6009128072156362e-002 2.4762663756621162e-001 -1.2041434902461852e+001 0.0000000000000000e+000 0.0000000000000000e+000 0.0000000000000000e+000 1.0000000000000000e+000</transform>
        <orientation>1</orientation>
      </camera>
      <camera id="48" label="FLIR0098.jpg" sensor_id="0" enabled="true">
        <transform>-2.2265794583285525e-001 -2.2637391189646222e-001 -9.4825012057483327e-001 6.3935081300579943e+000 8.2204939442766925e-002 -9.7356286264938441e-001 2.1311428952828748e-001 -6.6936972239001058e-001 -9.7142461729601237e-001 -3.0499253804453744e-002 2.3538056085553716e-001 -1.0976237946854146e+001 0.0000000000000000e+000 0.0000000000000000e+000 0.0000000000000000e+000 1.0000000000000000e+000</transform>
        <orientation>1</orientation>
      </camera>
      <camera id="49" label="FLIR0100.jpg" sensor_id="0" enabled="true">
        <transform>-1.7718800819561564e-001 -2.3247944546483923e-001 -9.5632511061251080e-001 6.9937166442280310e+000 3.9526521093580569e-002 -9.7259729171229825e-001 2.2911168081121769e-001 -7.2707590899717756e-001 -9.8338296908270117e-001 2.7956377203430943e-003 1.8152168059994189e-001 -9.6480625011742625e+000 0.0000000000000000e+000 0.0000000000000000e+000 0.0000000000000000e+000 1.0000000000000000e+000</transform>
        <orientation>1</orientation>
      </camera>
      <camera id="50" label="FLIR0102.jpg" sensor_id="0" enabled="true">
        <transform>-7.9339945168766524e-002 -2.3212052309149206e-001 -9.6944583957039554e-001 7.4167362316509218e+000 3.0737403709949276e-002 -9.7261879808597029e-001 2.3036467963421428e-001 -7.5676494866797350e-001 -9.9637361723090034e-001 -1.1521127094806932e-002 8.4302304337880329e-002 -8.6350830632849789e+000 0.0000000000000000e+000 0.0000000000000000e+000 0.0000000000000000e+000 1.0000000000000000e+000</transform>
        <orientation>1</orientation>
      </camera>
      <camera id="51" label="FLIR0104.jpg" sensor_id="0" enabled="true">
        <transform>-2.1084384398867839e-002 -2.0848020768128844e-001 -9.7779929011003508e-001 7.6299025534726734e+000 6.1585365031495573e-002 -9.7643025499671487e-001 2.0686033921703717e-001 -8.0561644963745049e-001 -9.9787909665873820e-001 -5.5856603300031435e-002 3.3426760526930388e-002 -8.3115021672700955e+000 0.0000000000000000e+000 0.0000000000000000e+000 0.0000000000000000e+000 1.0000000000000000e+000</transform>
        <orientation>1</orientation>
      </camera>
      <camera id="52" label="FLIR0106.jpg" sensor_id="0" enabled="true">
        <transform>6.9998209624455354e-002 -2.2035924067923734e-001 -9.7290392932531677e-001 7.6603440386705648e+000 2.8845638426063511e-002 -9.7444124823343581e-001 2.2278281550661927e-001 -7.8808485146173390e-001 -9.9712997136439729e-001 -4.3658433189173271e-002 -6.1852739780084987e-002 -7.8870516739718930e+000 0.0000000000000000e+000 0.0000000000000000e+000 0.0000000000000000e+000 1.0000000000000000e+000</transform>
        <orientation>1</orientation>
      </camera>
      <camera id="53" label="FLIR0108.jpg" sensor_id="0" enabled="true">
        <transform>1.9481783608237768e-001 -2.0098300189723861e-001 -9.6002700154347476e-001 7.7101465924998411e+000 1.8294895320310464e-002 -9.7786611564579318e-001 2.0843022016259288e-001 -7.8698235200388733e-001 -9.8066880624877595e-001 -5.8169517964159256e-002 -1.8682879764752136e-001 -7.4857770586966605e+000 0.0000000000000000e+000 0.0000000000000000e+000 0.0000000000000000e+000 1.0000000000000000e+000</transform>
        <orientation>1</orientation>
      </camera>
      <camera id="54" label="FLIR0110.jpg" sensor_id="0" enabled="true">
        <transform>2.2847179690460007e-001 -1.9446205058616609e-001 -9.5393141729424502e-001 7.7847347582933955e+000 1.2998224400874725e-002 -9.7915123059889253e-001 2.0271633821450857e-001 -7.9122093424909412e-001 -9.7346375596711776e-001 -5.8714380678824438e-002 -2.2118077972530592e-001 -6.9235304353292797e+000 0.0000000000000000e+000 0.0000000000000000e+000 0.0000000000000000e+000 1.0000000000000000e+000</transform>
        <orientation>1</orientation>
      </camera>
      <camera id="55" label="FLIR0112.jpg" sensor_id="0" enabled="true">
        <transform>2.7483706056376667e-001 -1.8963435233215031e-001 -9.4260458441290973e-001 7.9203229194059954e+000 -1.7012556071038035e-002 -9.8116298750805342e-001 1.9243119518467172e-001 -8.1259423376297280e-001 -9.6134029514870434e-001 -3.6851110700185499e-002 -2.7288611647272287e-001 -6.5008975286740700e+000 0.0000000000000000e+000 0.0000000000000000e+000 0.0000000000000000e+000 1.0000000000000000e+000</transform>
        <orientation>1</orientation>
      </camera>
      <camera id="56" label="FLIR0114.jpg" sensor_id="0" enabled="true">
        <transform>3.0219612961712849e-001 -1.9393057698454577e-001 -9.3331046846955956e-001 7.6992055750988415e+000 2.0385613005924064e-002 -9.7754824215639380e-001 2.0972329636765971e-001 -8.2424657768753717e-001 -9.5302776771025954e-001 -8.2403674477450922e-002 -2.9145790160126739e-001 -5.9520100054925331e+000 0.0000000000000000e+000 0.0000000000000000e+000 0.0000000000000000e+000 1.0000000000000000e+000</transform>
        <orientation>1</orientation>
      </camera>
      <camera id="57" label="FLIR0116.jpg" sensor_id="0" enabled="true">
        <transform>4.7891754839011469e-001 -1.8716197160122183e-001 -8.5767614997173947e-001 7.1680205361763587e+000 -1.4537692766951188e-003 -9.7717577196430894e-001 2.1242739286835671e-001 -8.1133236934511277e-001 -8.7785868361535979e-001 -1.0048834296723404e-001 -4.6825871537944397e-001 -5.0507586765035892e+000 0.0000000000000000e+000 0.0000000000000000e+000 0.0000000000000000e+000 1.0000000000000000e+000</transform>
        <orientation>1</orientation>
      </camera>
      <camera id="58" label="FLIR0118.jpg" sensor_id="0" enabled="true">
        <transform>5.5508896504826399e-001 -2.0015754171082900e-001 -8.0734949023203395e-001 6.6683981966583952e+000 -2.1072406528234430e-002 -9.7368822352924844e-001 2.2690790432147828e-001 -7.9037811589866913e-001 -8.3152401923501662e-001 -1.0894127710254758e-001 -5.4470138936715562e-001 -4.5392051957503075e+000 0.0000000000000000e+000 0.0000000000000000e+000 0.0000000000000000e+000 1.0000000000000000e+000</transform>
        <orientation>1</orientation>
      </camera>
      <camera id="59" label="FLIR0120.jpg" sensor_id="0" enabled="true">
        <transform>5.6750399489153702e-001 -1.9074765597822790e-001 -8.0097100292142809e-001 6.1757115944146141e+000 -4.5393926996216416e-004 -9.7286752718185476e-001 2.3136241806784938e-001 -7.4684274215381030e-001 -8.2337051788443705e-001 -1.3093550432894338e-001 -5.5219279602765514e-001 -4.2820113937037485e+000 0.0000000000000000e+000 0.0000000000000000e+000 0.0000000000000000e+000 1.0000000000000000e+000</transform>
        <orientation>1</orientation>
      </camera>
      <camera id="60" label="FLIR0122.jpg" sensor_id="0" enabled="true">
        <transform>5.8732848428250695e-001 -2.3473046029579470e-001 -7.7456236841182613e-001 5.5924819384835036e+000 2.1818156125133215e-003 -9.5655672815068304e-001 2.9153810301621513e-001 -7.0249851172914912e-001 -8.0934571799141941e-001 -1.7291858442337721e-001 -5.6130087469196877e-001 -4.5444218300847110e+000 0.0000000000000000e+000 0.0000000000000000e+000 0.0000000000000000e+000 1.0000000000000000e+000</transform>
        <orientation>1</orientation>
      </camera>
      <camera id="61" label="FLIR0124.jpg" sensor_id="0" enabled="true">
        <transform>7.3854617595337080e-001 -1.5309053958592300e-001 -6.5659183110509567e-001 4.9459867076224038e+000 -2.4599606442781627e-002 -9.7934910301330647e-001 2.0067434761297301e-001 -7.0904372220161638e-001 -6.7375396499576301e-001 -1.3205537140276805e-001 -7.2706050197776873e-001 -3.9549751908493676e+000 0.0000000000000000e+000 0.0000000000000000e+000 0.0000000000000000e+000 1.0000000000000000e+000</transform>
        <orientation>1</orientation>
      </camera>
      <camera id="62" label="FLIR0126.jpg" sensor_id="0" enabled="true">
        <transform>6.7835459524138408e-001 -2.2544681857226953e-001 -6.9929162379549548e-001 4.6726515264446942e+000 2.1708545743786223e-002 -9.4519529127629742e-001 3.2578305724946044e-001 -6.9230338709617723e-001 -7.3441390384209682e-001 -2.3617703814036936e-001 -6.3628344666402725e-001 -3.4514919401970929e+000 0.0000000000000000e+000 0.0000000000000000e+000 0.0000000000000000e+000 1.0000000000000000e+000</transform>
        <orientation>1</orientation>
      </camera>
      <camera id="63" label="FLIR0128.jpg" sensor_id="0" enabled="true">
        <transform>6.7263025168874158e-001 -1.0104437919819756e-001 -7.3304745954514483e-001 4.7280487321799294e+000 3.0026936608233752e-002 -9.8609019737364989e-001 1.6347631547573294e-001 -7.2294353021476154e-001 -7.3936927687797871e-001 -1.3197028482217926e-001 -6.6024004447843654e-001 -3.3082700354945480e+000 0.0000000000000000e+000 0.0000000000000000e+000 0.0000000000000000e+000 1.0000000000000000e+000</transform>
        <orientation>1</orientation>
      </camera>
      <camera id="64" label="FLIR0130.jpg" sensor_id="0" enabled="true">
        <transform>5.9740077166235706e-001 -1.1696037818215857e-001 -7.9336787680918042e-001 4.5121763531040084e+000 5.0701968632235035e-002 -9.8181940688956404e-001 1.8292064572333155e-001 -6.9900641427036203e-001 -8.0033844615514782e-001 -1.4950224811189688e-001 -5.8060954988309710e-001 -3.0470586412539178e+000 0.0000000000000000e+000 0.0000000000000000e+000 0.0000000000000000e+000 1.0000000000000000e+000</transform>
        <orientation>1</orientation>
      </camera>
      <camera id="65" label="FLIR0132.jpg" sensor_id="0" enabled="true">
        <transform>7.2437212401191897e-001 -1.9797261599014226e-001 -6.6037252310531569e-001 4.0906157430323589e+000 1.6778492612322074e-002 -9.5253558332700772e-001 3.0396454510606230e-001 -6.3059546443802050e-001 -6.8920498267215047e-001 -2.3126349866309814e-001 -6.8666854161668422e-001 -2.7163352896586188e+000 0.0000000000000000e+000 0.0000000000000000e+000 0.0000000000000000e+000 1.0000000000000000e+000</transform>
        <orientation>1</orientation>
      </camera>
      <camera id="66" label="FLIR0134.jpg" sensor_id="0" enabled="true">
        <transform>6.7373947086147012e-001 -8.0006707199388669e-002 -7.3462510997543295e-001 3.8581501369955946e+000 2.7979521015921761e-002 -9.9064700920023074e-001 1.3355017621237911e-001 -6.4116368499645604e-001 -7.3843907792520380e-001 -1.1053248375816591e-001 -6.6519944244356166e-001 -2.5418652299445927e+000 0.0000000000000000e+000 0.0000000000000000e+000 0.0000000000000000e+000 1.0000000000000000e+000</transform>
        <orientation>1</orientation>
      </camera>
      <camera id="67" label="FLIR0136.jpg" sensor_id="0" enabled="true">
        <transform>6.1847051844234668e-001 -9.1251248329084975e-002 -7.8049178566852251e-001 3.5338433893597405e+000 2.9211451255401925e-002 -9.8987840845490493e-001 1.3887918343055444e-001 -6.3307704350120830e-001 -7.8526486546464591e-001 -1.0869197832944240e-001 -6.0954503107943037e-001 -2.4080558764361646e+000 0.0000000000000000e+000 0.0000000000000000e+000 0.0000000000000000e+000 1.0000000000000000e+000</transform>
        <orientation>1</orientation>
      </camera>
      <camera id="68" label="FLIR0138.jpg" sensor_id="0" enabled="true">
        <transform>6.8479231100607330e-001 -2.4723068880385735e-001 -6.8551912978452501e-001 3.5525331160847329e+000 4.9936029596900494e-003 -9.3907912549814931e-001 3.4366474940428798e-001 -6.0073820372126896e-001 -7.2872117762313116e-001 -2.3876218831130142e-001 -6.4183959266810242e-001 -2.4076260426338254e+000 0.0000000000000000e+000 0.0000000000000000e+000 0.0000000000000000e+000 1.0000000000000000e+000</transform>
        <orientation>1</orientation>
      </camera>
      <camera id="69" label="FLIR0140.jpg" sensor_id="0" enabled="true">
        <transform>7.7843018789007945e-001 -6.4715146926439510e-002 -6.2438641268024453e-001 2.7914484519017835e+000 -7.5597833157147014e-003 -9.9556598084740833e-001 9.3761545718685557e-002 -5.8580126534926524e-001 -6.2768566357503719e-001 -6.8266591665521625e-002 -7.7546784601602814e-001 -2.1971783489092287e+000 0.0000000000000000e+000 0.0000000000000000e+000 0.0000000000000000e+000 1.0000000000000000e+000</transform>
        <orientation>1</orientation>
      </camera>
      <camera id="70" label="FLIR0142.jpg" sensor_id="0" enabled="true">
        <transform>7.0633627372773877e-001 -2.6248879384342244e-001 -6.5741060344585134e-001 2.7949254159595118e+000 -1.0115978420175753e-002 -9.3235623962088332e-001 3.6139937661900939e-001 -5.8832777396386127e-001 -7.0780416458015827e-001 -2.4861913753094575e-001 -6.6121236305467934e-001 -2.1878357600723328e+000 0.0000000000000000e+000 0.0000000000000000e+000 0.0000000000000000e+000 1.0000000000000000e+000</transform>
        <orientation>1</orientation>
      </camera>
      <camera id="71" label="FLIR0144.jpg" sensor_id="0" enabled="true">
